AdjacencyGraph
100
453
0
3
10
10
12
12
18
20
23
29
37
38
39
44
53
55
62
63
70
79
81
90
94
104
112
122
125
127
130
131
137
147
149
152
162
164
165
168
170
174
183
183
186
195
200
200
200
200
210
215
224
225
228
228
237
247
247
248
258
259
259
264
265
267
275
275
278
288
292
297
298
298
303
306
313
313
316
323
323
325
325
332
333
334
342
352
352
360
369
379
388
397
402
410
419
419
426
427
437
446
79
76
19
37
27
97
38
76
78
7
61
83
4
27
41
54
76
0
9
89
67
85
59
41
30
24
63
38
23
11
18
54
88
37
43
67
86
33
43
64
41
56
0
45
36
41
52
64
93
61
53
60
98
64
54
29
88
69
19
63
80
38
17
68
75
13
36
62
46
31
78
87
40
30
33
76
71
85
40
17
98
45
29
97
9
83
26
49
52
45
12
33
35
81
53
63
94
89
77
41
73
55
28
13
86
13
41
9
98
33
26
49
78
56
46
39
39
40
44
21
52
77
57
85
30
72
32
72
49
73
97
4
53
62
42
19
55
52
69
88
18
18
38
16
57
40
97
74
14
1
3
23
38
85
95
70
9
44
95
6
48
1
20
91
20
75
95
89
63
77
60
81
16
76
90
46
17
72
31
40
75
54
79
12
49
1
22
45
97
80
93
98
1
36
70
28
83
59
44
61
19
77
29
96
68
27
65
7
99
48
0
26
54
79
38
55
32
60
0
29
41
93
27
94
82
49
22
17
9
18
78
80
96
59
28
64
86
45
23
85
93
23
63
99
2
87
14
54
68
7
0
48
1
34
97
76
51
6
94
82
39
42
41
19
6
80
65
82
17
10
5
81
10
12
83
16
51
49
71
19
57
23
67
10
57
65
86
8
23
33
42
14
75
36
34
34
16
51
16
33
13
73
14
23
37
49
40
88
99
63
60
8
86
27
18
95
44
57
55
68
90
98
82
17
34
68
3
50
19
71
35
33
97
2
8
34
3
0
75
2
15
35
10
1
14
81
48
59
38
4
27
80
2
61
97
88
82
53
90
1
24
25
86
73
79
47
8
83
47
35
37
63
70
48
16
36
81
65
95
19
21
74
99
23
88
48
63
70
1
53
23
78
30
10
51
10
9
11
93
56
46
30
71
68
30
40
57
11
57
52
82
78
79
81
53
19
82
16
89
35
69
12
65
99
74
69
61
83
80
54
92
79
37
15
99
19
55
56
31
64
61
65
42
92
47
95
11
81
11
0
16
32
64
